#Charizard
1 9
7 29 21 40 3 4 5 8 15 23 24 27 30 37 41 43 44 49 50 51 54 58 59 @
78 0
84 0
78 4
109 252
85 0
100 252
80

#Blastoise
2 15
9 18 22 40 4 5 10 11 12 20 21 23 24 27 34 37 41 49 51 54 58 @
79 252
83 0
100 4
85 252
105 0
78 0
80

#Venusaur
4 7
16 25 47 27 4 5 17 41 44 46 48 49 51 52 54 58 @
80 252
82 0
83 4
100 252
100 0
80 0
80

#Pikachu
3 15
13 10 45 24 4 14 15 23 49 34 58 51 52 53 54 @
35 0
55 172
40 0
50 84
50 0
90 252
100

#Onix
12 8
38 27 49 6 4 5 44 49 54 37 57 40 58 @
35 252
45 4
160 252
30 0
45 0
70 0
90

#Pidgeot
0 9
50 49 30 3 54 53 58 5 29 31 44 @
83 252
80 4
75 0
70 0
70 0
101 252
95

#Gyarados
2 9
12 59 27 41 4 9 10 11 14 18 19 49 51 38 54 45 @
95 0
125 252
79 0
60 0
100 4
81 252
80

#Gengar
13 7
39 25 14 21 4 6 8 15 16 17 20 32 43 54 @
60 4
65 0
60 0
130 252
75 0
110 252
80

#Alakazam
10 15
32 21 55 60 4 8 15 17 20 23 39 49 34 33 45 54 @
55 0
50 0
45 0
135 252
95 4
120 252
80

#Dragonite
14 9
59 41 27 20 4 7 8 10 12 14 15 18 20 40 21 37 38 24 49 54 53 @
91 4
134 252
95 0
100 0
100 0
80 252
80

#Lapras
2 5
11 18 14 32 4 5 10 12 28 49 34 54 51 58 59 41 @
130 252
85 0
80 0
85 252
95 4
60 0
90

#Machamp
6 15
23 20 27 61 4 5 8 15 21 7 26 49 38 52 54 @
90 252
130 252
80 0
65 0
85 4
55 0
80

#Butterfree
11 9
56 46 35 29 16 17 54 32 39 34 49 50 58 @
60 4
45 0
50 0
90 252
80 0
70 252
95

#Beedrill
11 7
26 36 24 28 53 54 49 16 25 50 44 58 @
65 4
90 252
40 0
45 0
80 0
75 252
95

#Snorlax
0 15
4 54 58 27 7 8 10 14 15 18 20 21 41 39 49 37 23 44 @
160 252
110 252
65 4
65 0
110 0
30 0
80